$ 1 0.000005 10.20027730826997 66 5 43
v 608 432 608 128 0 0 40 13.6 0 0 0.5
w 128 432 272 432 0
g 128 432 128 464 0
r 224 128 144 128 0 47000
r 224 160 144 160 0 22000
r 224 224 144 224 0 10000
r 352 128 432 128 0 500
w 272 432 320 432 0
w 320 432 432 432 0
w 608 432 432 432 0
w 144 224 32 224 0
w 32 224 32 432 0
w 32 432 128 432 0
r 432 128 608 128 0 10000
O 432 128 432 208 1
w 144 192 32 192 0
w 32 192 32 224 0
w 144 160 32 160 0
w 32 160 32 192 0
w 144 128 32 128 0
w 32 128 32 160 0
s 224 192 320 192 0 1 false
s 224 224 320 224 0 1 false
s 224 128 320 128 0 1 false
s 224 160 320 160 0 1 false
w 352 128 320 128 0
w 352 128 352 160 0
w 352 160 320 160 0
w 352 160 352 192 0
w 352 192 320 192 0
w 352 192 352 224 0
w 352 224 320 224 0
